INSERT INTO sas_pulse_stg.comm_nps_proc_select_final 
(Strata_1,Strata_2,Strata_3 ,Strata_4 ,Strata_5, acct_id, gbl_acct_id, SelectionProb,SamplingWeight)
SELECT 
'US SB' AS Strata_1,
NULL AS Strata_2,
NULL AS Strata_3 ,
NULL AS Strata_4 ,
NULL AS Strata_5, 
T_ACT_F.acct_id, 
T_ACT_F.gbl_acct_id, 
0 AS SelectionProb,
0 AS SamplingWeight
FROM SAS_PULSE_STG.COMM_NPS_ACCT_T2 T_ACT_F
WHERE acct_id IN (
2954103838	,
2980760871	,
2449621551	,
2593288498	,
2224689438	,
3019137801	,
2481379926	,
3220352849	,
2734254275	,
2435051409	,
3167440793	,
2434775302	,
2945750893	,
2450609711	,
2434531073	,
2988487823	,
3028213992	,
2961307085	,
2971855374	,
2401370344	,
2494884408	,
2658445172	,
2485270873	,
2003439456	,
2434072326	,
2434070751	,
2452417201	,
2503437710	,
3114383778	,
2224811883	,
2452468355	,
2445379468	,
2435037814	,
3238678785	,
2224745089	,
2434067438	,
3165743876	,
3016493782	,
3047907922	,
2734064632	,
2434623492	,
3050587119	,
2434528731	,
3046440054	,
3034719685	,
2434783564	,
2991659453	,
2777138865	,
2451052772	,
2734009561	,
2434771437	,
2224685824	,
2434524999	,
2455167013	,
2434523238	,
2445446398	,
2434517718	,
2445376774	,
2224796473	,
2979375552	,
2445436322	,
2434639196	,
2733837339	,
2434064171	,
2970904993	,
2973238786	,
3001369795	,
2434057745	,
2434924827	,
3163147673	,
2638152948	,
3034819886	,
3033357755	,
2434935989	,
2224813055	,
3053059012	,
3087340783	,
2679439808	,
2459634631	,
3016241207	,
2445382639	,
2445376265	,
2588703029	,
2480931385	,
3169348798	,
2996636858	,
2224685733	,
2434636529	,
3217733795	,
2570332140	,
2434527471	,
2970946787	,
2914718819	,
3005789812	,
2434650232	,
2435051926	,
2434626801	,
2434768054	,
2733832602	,
2660429439	,
2734109068	,
2672417774	,
2224811926	,
2434630246	,
2733753490	,
2435058570	,
2224805532	,
3213390798	,
2005518496	,
2224787694	,
2434769573	,
2434057520	,
2820645236	,
2734253009	,
3033371918	,
2888091656	,
3065908091	,
3015179551	,
2449621857	,
3183338786	,
2435060668	,
2434077214	,
2945750805	,
2979159800	,
3314863251	,
2928172500	,
2434524313	,
2733748879	,
2470074536	,
2434781469	,
2929674391	,
3022127115	,
3213397780	,
2005514148	,
3145939791	,
3033998828	,
3298507090	,
2690505783	,
3206817812	,
2614755372	,
2463508199	,
3011934807	,
2224793129	,
2733796330	,
2937583825	,
2434525922	,
3171860929	,
2434920063	,
2549914688	,
2434056898	,
2568573611	,
2224807348	,
2003444511	,
2003432826	,
2991638803	,
2734308494	,
3129668193	,
2224807641	,
3005791797	,
2459756730	,
2701150547	,
2626711422	,
3037156609	,
3007491786	,
2668437886	,
2224791448	,
3165570938	,
3303818946	,
3024629785	,
2734155942	,
2643711489	,
2442313437	,
3028202830	,
2493038564	,
2734117020	,
2739256780	,
2948592827	,
3021083798	,
2445449741	,
2952045802	,
2005506185	,
2991687792	,
2434631799	,
2224797854	,
2329736694	,
2462874218	,
2536346236	,
2224689053	,
2005505279	,
2487432184	,
2500318612	,
2434518010	,
2747637845	,
2734069451	,
2434074332	,
3286890865	,
2434526568	,
2434771669	,
2317436964	,
3166187810	,
2977905710	,
3050005824	,
2908506823	,
2734228110	,
3116433928	,
2434514054	,
3165707912	,
2953449777	,
2971560189	,
2691135854	,
2005517328	,
2480318762	,
3190511785	,
2449622016	,
2473274989	,
2434526989	,
3183536804	,
2434636653	,
2495079700	,
2075688103	,
3023882789	,
3280468827	,
2434056899	,
2224793493	,
2434639358	,
2459761194	,
2734019551	,
3299221385	,
2401371325	,
2332244524	,
2434658219	,
2839984561	,
2224807128	,
2450665374	,
2714294897	,
2907428077	,
2434931030	,
2941118427	,
2434774678	,
2459767256	,
2464935162	,
2451308535	,
2434062807	,
2955350012	,
2434932401	,
2577798714	,
2434757370	,
3016183745	,
2434924532	,
2734159026	,
3167660391	,
2005504078	,
3284255977	,
3089351876	,
2435035311	,
2434527709	,
2734301030	,
2005513167	,
2734106448	,
2734122292	,
3090390813	,
3029086535	,
2543224576	,
2958396851	,
2721085589	,
2658487979	,
2449619271	,
2434515418	,
2896112812	,
2434525764	,
2734188278	,
2451469798	,
2005517299	,
2434531748	,
2457821470	,
2445382528	,
2224688384	,
2224806274	,
2434521466	,
2453322198	,
2883466836	,
2434639042	,
3023550784	,
2711326905	,
2734040558	,
2733769356	,
2991765384	,
2434640578	,
2503508469	,
3022131963	,
2435030566	,
2734131405	,
2623902787	,
2434772185	,
2734135744	,
2526962966	,
2663426841	,
3053034822	,
2994954237	,
2288211743	,
2820647180	,
3143767793	,
2734157718	,
2578904652	,
3036285884	,
2434770557	,
2434771915	,
2609868871	,
2921018536	,
2734294489	,
2921050789	,
2469316752	,
2636587033	,
3029106801	,
2979315294	,
2723791503	,
2890080785	,
2733819232	,
2837588790	,
2499953653	,
2434527485	,
2717941961	,
3052074343	,
2734145227	,
2735833134	,
2317427125	,
2758727030	,
2679771262	,
3100792822	,
2434654653	,
2434077368	,
2434645205	,
2994958812	,
2434934778	,
2434512909	,
2434525991	,
3090317175	,
2734057978	,
2224804147	,
2733798405	,
2913690489	,
2435045464	,
2734117467	,
2980590199	,
2445451536	,
2434518995	,
2691281119	,
3160917278	,
2434628450	,
2911247955	,
2434654475	,
2903170810	,
3034421805	,
2733890495	,
2451610984	,
2329736651	,
2434919675	,
2951764788	,
2231881498	,
3155281848	,
2616118273	,
2663798774	,
2435045456	,
2224810406	,
3013067920	,
2609529961	,
2434518567	,
3032428846	,
2733775590	,
2317436018	,
2434627054	,
2514587589	,
3299241900	,
2516334611	,
2434634257	,
2224787522	,
2632855936	,
2434764458	,
2434530726	,
2435038248	,
2003433079	,
2434051996	,
2608861922	,
2434918814	,
2709117090	,
2699657118	,
3120480837	,
2492997904	,
2734186024	,
2733784614	,
3022208901	,
3014162932	,
2973238801	,
2434933626	,
3011939847	,
3217729788	,
3001367791	,
2945750902	,
2434621053	,
2982362792	,
3014526545	,
2734196111	,
3246494810	,
2005504696	,
2224789503	,
2705959276	,
2996643789	,
2977920561	,
3089413903	,
2999866780	,
2434067877	,
2734187986	,
2224805342	,
2224797516	,
2979954804	,
2434617193	,
2773929939	,
2043923493	,
2459634678	,
2790465839	,
3037954828	,
2733793232	,
2435057928	,
2434642878	,
2734212610	,
2983477777	,
2434076871	,
2434933605	,
2929203674	,
2970211831	,
2615342827	,
3201832792	,
2434061050	,
2938513425	,
3146760513	,
2915442809	,
2224786998	,
2435055171	,
2434765851	,
2434767736	,
2626946081	,
2434933729	,
3063046837	,
2434642915	,
2734321736	,
2538599055	,
3211101825	,
3091485801	,
2317436736	,
2733844038	,
2681793327	,
2434649997	,
2434522398	,
2434924614	,
2707004800	,
2434650265	,
2434918247	,
2734314881	,
2434775508	,
2868927035	,
3032781749	,
3201219792	,
3114364785	,
2434063020	,
2554054651	,
3032831850	,
2329736489	,
3145834261	,
3053299794	,
2884433125	,
2434065718	,
2434639118	,
2451451289	,
2434523263	,
3050323978	,
2445432794	,
2961466925	,
3051674803	,
2734050652	,
2839895946	,
2445375618	,
2410642471	,
2821156516	,
2003430528	,
2688950282	,
2435039864	,
2224688336	,
2569442960	,
2003438272	,
2005506317	,
2445379576	,
2734176973	,
2450611319	,
2489178796	,
2434526883	,
2451609214	,
2445445267	,
2451611005	,
2876688885	,
2434074929	,
3058252362	,
2434918387	,
2979301952	,
2734060937	,
2451606933	,
2231881500	,
2224803701	,
2528922613	,
3015219003	,
2902530062	,
2821111202	,
3063053987	,
3165123804	,
2734064098	,
3051552928	,
3259174781	,
3143558618	,
2935899359	,
2434923788	,
3026721136	,
3179011796	,
2733919720	,
2434074654	,
2487560815	,
2733735340	,
2231884337	,
2730789794	,
2627092697	,
2434070079	,
2435041214	,
2481379774	,
2733810333	,
2003436301	,
3166598556	,
3166132339	,
2517185753	,
2434523608	,
2453311637	,
2434631790	,
2975545784	,
2702864414	,
2003433097	,
2434630321	,
2777138947	,
2459768986	,
2451426857	,
2460547893	,
2572282029	,
2938026807	,
2224746986	,
2902916814	,
2984394780	,
2445450452	,
3301276437	,
3049659850	,
3082144779	,
2733763898	,
2001093626	,
2434073929	,
3050299787	,
3029017288	,
2445377771	,
2434528477	,
2481297645	,
3160917420	,
2224805658	,
3299618885	,
2733755749	,
2434513819	,
2445376557	,
2722835875	,
2435061336	,
2445441081	,
2224745503	,
2224799284	,
3044788297	,
2434633959	,
2072495002	,
2733801538	,
2434071702	,
2434062107	,
2734306323	,
2948592832	,
2434059659	,
3229134779	,
2231882322	,
2434761657	,
2578678615	,
3299241923	,
2705649275	,
3018339829	,
2434658170	,
3152132789	,
2668929774	,
3077987825	,
2434650539	,
2691449424	,
3125451838	,
2481376881	,
2224692272	,
2914899809	,
2821103922	,
3044738518	,
2449619149	,
2310725465	,
2613721663	,
2003433088	,
2734140358	,
3015179539	,
2434072247	,
2445452565	,
2495091836	,
2849413840	,
2434057190	,
2465896163	,
3015312889	,
2644786883	,
2005509967	,
2961468825	,
3014063907	,
2733883156	,
2224686130	,
2434656893	,
2722759324	,
2456628526	,
2734147599	,
2629544508	,
2005507755	,
2434526103	,
2929184011	,
3037197815	,
3051551919	,
3232571828	,
2005515827	,
3087800805	,
2434915577	,
2734018842	,
2445375865	,
2434514058	,
3152837946	,
2576811642	,
2975279767	,
2434762576	,
2949201785	,
2488756725	,
2003435505	,
3105664843	,
2434061090	,
2434783373	,
2975229837	,
2591100743	,
3017131793	,
2003434076	,
2450611187	,
3193023078	,
2224791938	,
3148423815	,
3100799815	,
2434529493	,
2449800661	,
2504887333	,
2796337075	,
2224746040	,
3020825840	,
2231877728	,
2627178674	,
2434527694	,
2890247780	,
2683190082	,
3014561796	,
3160864484	,
2696161409	,
2434650299	,
2224806039	,
2317437798	,
2455169867	,
2435053611	,
2824006291	,
2434064387	,
2561579662	,
2680707818	,
3013069494	,
3198653954	,
2716504731	,
2549008012	,
3047685905	,
2434915332	,
2903405013	,
2733799445	,
2445439454	,
2445376221	,
3180161867	,
3010024777	,
2838106872	,
2005506243	,
2224805755	,
3235852971	,
2473417499	,
2632186911	,
3060066819	,
2224788105	,
2434911867	,
3114749777	,
2435032597	,
2721693967	,
3222837848	,
2679988089	,
2734112341	,
2554475675	,
2445435939	,
2916279789	,
3010149877	,
2734051473	,
2821243506	,
2726305820	,
3050011801	,
2434928339	,
2434626743	,
2412485882	,
2493914502	,
2807399422	,
2434634245	,
2434639283	,
2224811817	,
2993164572	,
2434520134	,
2224743269	,
2434912268	,
2445376460	,
2434935980	,
3280296780	,
2471551025	,
2434530584	,
2929692885	,
2734080267	,
2734140945	,
2700262337	,
3032530071	,
3254024786	,
2208442637	,
2450669093	,
2429602957	,
2821194540	,
3053557963	,
2979159064	,
2642032331	,
2734212973	,
2224785184	,
3033364215	,
2434774654	,
2734103348	,
3134918047	,
2487376341	,
3077461532	,
2734092388	,
2434638858	,
2434931932	,
3002739793	,
2434925511	,
2954104781	,
2733852953	,
2317435490	,
3022267399	,
3021967074	,
2461375905	,
2224790762	,
2434523436	,
2434915243	,
2434523399	,
2890167643	,
3051670892	,
2467574741	,
2096553131	,
2664032653	,
2434058119	,
3298252174	,
2434935924	,
2434515090	,
2434515672	,
2224808926	,
3045145866	,
2434651225	,
2755892744	,
2821213743	,
2450716869	,
2733868573	,
3075883789	,
2434920299	,
2734113659	,
2734054898	,
3093407786	,
2477740474	,
2734164024	,
3013073784	,
2472431957	,
2501035661	,
2554513276	,
2705363509	,
2434067094	,
2832029551	,
2224786733	,
2434764019	,
2983483779	,
2734056705	,
2973235878	,
2715395973	,
2895888855	,
2435045551	,
2458588951	,
2733887404	,
3012891980	,
2224742934	,
3213390814	,
3012457809	,
2589768891	,
2434522905	,
2435040673	,
2434658116	,
2434757296	,
3148423814	,
2224804244	,
2434926375	,
2941277812	,
3030460811	,
3166811083	,
2938513371	,
2434522704	,
3288558777	,
2224793118	,
2003432355	,
2434782795	,
2734174737	,
2445377773	,
2559499650	,
2434065895	,
2964877925	,
2434056641	,
2734182320	,
2434069917	,
2449807445	,
2695545873	,
2546127468	,
2681252993	,
2445383329	,
2434651270	,
2630632534	,
2434074894	,
2921208778	,
2721707406	,
2317441581	,
2224790540	,
3177051807	,
3023834779	,
2733774228	,
2817940787	,
2434068308	,
2445376078	,
2997429789	,
2734200589	,
2434528227	,
2965164152	,
3058549878	,
2734305551	,
2586340899	,
2733923941	,
2733753094	,
2917006131	,
2434650427	,
2445376441	,
2224801756	,
2224813073	,
2544367873	,
2445450314	,
2471424747	,
2434779616	,
3010406929	,
2224746892	,
3021086366	,
2005507326	,
2434530286	,
2910390812	,
2988701672	,
2345480543	,
2963040887	,
2434633615	,
2005507698	,
3052547216	,
2733847371	,
2457407924	,
3078536805	,
3217730795	,
3080817783	,
2434933339	,
2434620862	,
2993164656	,
2434636774	,
3016264734	,
2224688846	,
2434642489	,
2434920085	,
3126055070	,
2445447175	,
2434073209	,
2434916647	,
3027112800	,
3197621807	,
2884118136	,
2003435468	,
3032533814	,
3005789796	,
2434780573	,
3248158822	,
2881089439	,
2499901254	,
2621140052	,
2883455097	,
2434657166	,
2850585470	,
2734120250	,
2615472360	,
2733889164	,
2003432509	,
2974294783	,
2005509250	,
3244151802	,
2491097517	,
2435032967	,
2718952941	,
2973224799	,
3028131815	,
2887580100	,
2434513956	,
2224806155	,
2003442928	,
2954565938	,
2434057894	,
2734173937	,
2734170125	,
3030755171	,
2434518427	,
2735880827	,
2616392515	,
2849405612	,
2435051938	,
3052076918	,
2984387786	,
2434058309	,
2887154103	,
2434770606	,
3052075585	,
3162802041	,
2445382989	,
2434916360	,
2901828943	,
2451308707	,
2224806175	,
2859531892	,
2445442987	,
2435060045	,
2622644300	,
3050296792	,
2434782570	,
2734148649	,
2317437366	,
2449622093	,
2627146852	,
2847133834	,
2434650866	,
2987753787	,
2434072492	,
2224792983	,
2733780665	,
2733877943	,
2224787010	,
2435048799	,
2453620121	,
2984394783	,
3046540317	,
2953425786	,
2459761578	,
3261153780	,
2734387012	,
2616408475	,
2925206789	,
3206044803	,
2449622229	,
2434778762	,
2503115609	,
2734132127	,
3028145845	,
2005518415	,
2736228333	,
2434759993	,
3082224780	,
2434525236	,
2224813342	,
2747147843	,
3298612081	,
2434757007	,
2434052322	,
2445377450	,
2434057046	,
3030316798	,
2434519543	,
2224685625	,
2454113846	,
2435042995	,
3152071822	,
2721378111	,
2434654550	,
2451308635	,
2451305293	,
2993312794	,
3182315060	,
2734221726	,
3013102360	,
3050869642	,
2979159031	,
2963236794	,
2434528842	,
2787959816	,
2005513398	,
2224747291	,
2821174656	,
1675600573	,
3002740782	,
3313079285	,
2434063384	,
2704521545	,
3025497201	,
2445451343	,
2434517928	,
2954568900	,
2559741959	,
2441025719	,
2224811927	,
3005789834	,
2434515014	,
2845616833	,
2929798052	,
2434623862	,
3012456783	,
2851841787	,
3117737816	,
2533421738	,
2003433279	,
2734209302	,
3132118799	,
3135164808	,
2724738912	,
2224798539	,
2903632588	,
2434525741	,
2434925470	,
2434656659	,
2224689312	,
2820696665	,
2971278574	,
2434637175	,
2434072320	,
2505574094	,
2434915358	,
3037251788	,
2449391175	,
2733817924	,
2954528787	,
3208709791	,
2981835284	,
2224685458	,
2434525958	,
3137304778	,
2475346420	,
2224798601	,
2733760407	,
2434073313	,
2982362815	,
3015233782	,
2585626074	,
2001093435	,
2733799209	,
3193018279	,
2915027150	,
2428186998	,
3030464088	,
2434058180	,
2434631486	,
2435032804	,
2703487825	,
2224803434	,
3190235006	,
2317427206	,
3001369800	,
2003433559	,
2434657935	,
2894733257	,
2451425568	,
2733896281	,
2224689293	,
2719219642	,
2459764769	,
2435045427	,
2451406312	,
2434765099	,
2434064076	,
2435060565	,
2453876130	,
2913811813	,
3183311875	,
3024615945	,
3165121664	,
2488096385	,
2954097929	,
2434645218	,
2682005906	,
2971831655	,
3032533832	,
2455177929	,
2445444614	,
3281357805	,
2434515731	,
2982362777	,
2669726213	,
3165707973	,
3030323789	,
2434925558	,
3077529911	,
2005508336	,
3051120959	,
2621961787	,
2434783672	,
3005790807	,
3160920933	,
2659679183	,
2734076130	,
2820706241	,
2115325987	,
2894344792	,
3065319864	,
2434774023	,
2733866409	,
3032672813	,
2734268463	,
3193047790	,
2638413000	,
2224802991	,
3298612084	,
2856428922	,
2734251118	,
2866172808	,
3164182645	,
2973129034	,
2434068657	,
3050581457	,
2901769801	,
2434767710	,
2224747027	,
3164107736	,
2471336784	,
2434060767	,
2224685583	,
2005513564	,
2774612926	,
3028913867	,
2450586190	,
2733796277	,
2809954408	,
2971825440	,
2875086010	,
3199795918	,
2643055097	,
2734067369	,
2434928233	,
2717836125	,
2910387874	,
2488100746	,
2689196121	,
2224690207	,
2434762784	,
2434525896	,
3298438080	,
2434070824	,
2511217701	,
2445451382	,
3216189812	,
2434926243	,
2450856232	,
3087531790	,
2988701626	,
3108350925	,
2224686133	,
3166612384	,
2224795485	,
2721131542	,
2450614746	,
2938221037	,
2524747717	,
2615651047	,
2901698137	,
2981859842	,
2224742874	,
2734183148	,
3037178987	,
3038120797	,
3201104143	,
2434057803	,
3298622084	,
2434921077	,
2881089399	,
2434783804	,
3030754894	,
2224801574	,
3166291078	,
2876786915	,
2434057087	,
2224790332	,
2224809035	,
2434638710	,
3183337802	,
2459762361	,
2317435904	,
3032530041	,
2435043253	,
2434917985	,
2435049157	,
2497366736	,
2734296271	,
2434531756	,
2224806786	,
3030598030	,
3052074150	,
2460710891	,
2445454704	,
2481377717	,
3027923229	,
3202896014	,
2624628156	,
3037008050	,
2707229072	,
3148381063	,
2854409698	,
3099769959	,
3161814789	,
2702815588	,
2005500872	,
2434072808	,
2539585480	,
2224795535	,
3146793787	,
2435050604	,
3025232813	,
2733795901	,
2970857188	,
2445444173	,
2434527939	,
2733764110	,
2980662910	,
2224803265	,
2722828313	,
2445382807	,
2434522705	,
2813805811	,
2919128812	,
2003440516	,
2874061277	,
2920231787	,
2913712790	,
2914914180	,
2434071426	,
2434781691	,
3039703810	,
3065908454	,
2996505528	,
3012959644	,
2224747366	,
2685908803	,
3037007949	,
3068577815	,
2434657137	,
2912812882	,
3052077081	,
2434914855	,
2968979888	,
2936669780	,
3174650788	,
3247512918	,
2678677615	,
2897355843	,
2224794189	,
2224806915	,
3033364811	,
2434056684	,
3166291077	,
3047905606	,
2213880323	,
2734100521	,
2733807414	,
3042799797	,
3028203073	,
2972997923	,
2224742655	,
2734188000	,
2469318708	,
2450665217	,
2734273900	,
2224802370	,
3016217795	,
2224798489	,
2224812863	,
2003436088	,
2684989111	,
2434617226	,
2491081113	,
2611404054	,
3050322918	,
2459762944	,
2491076963	,
2434641772	,
2434531864	,
2821117083	,
2991708796	,
2434656898	,
2434067245	,
3015230792	,
2224745794	,
3024056059	,
3169349778	,
2700260718	,
2954462311	,
2434064388	,
2459292933	,
2449619091	,
2003428596	,
2971497542	,
2907389888	,
2494612212	,
3050012803	,
2625797370	,
2878083291	,
2224689029	,
2721312583	,
2829559782	,
2459345218	,
2434629642	,
2434064492	,
3005790814	,
3018633777	,
1138503796	,
2972442138	,
2434529464	,
2733750003	,
3268803784	,
3315016973	,
2434057435	,
2224745982	,
3122477807	,
2734315758	,
2756006018	,
2434631915	,
2473169493	,
2435059251	,
3186588222	,
2445378110	,
3142408625	,
2734193294	,
2469268142	,
2850685913	,
2005504791	,
3024883718	,
2733813327	,
2434924056	,
2454778654	,
2734299361	,
2534803644	,
2005510986	,
3053838818	,
2992066792	,
2224689991	,
2434914865	,
2751890831	,
3010395888	,
3183538800	,
2734087984	,
2471423080	,
2914914247	,
3152070793	,
2779815219	,
2003440186	,
3173711811	,
2734204472	,
3063052842	,
2734189953	,
2434515087	,
2434915145	,
2434912300	,
2003431054	,
3019135814	,
2722758504	,
2445376439	,
3029105804	,
3028147787	,
2734149890	,
2434650207	,
3063054188	,
2434508375	,
2977880897	,
2434059760	,
2464938136	,
2434773928	,
2888385748	,
2615581518	,
2467577442	,
3211568185	,
2734087658	,
2667104090	,
2993189022	,
3015892204	,
3064865806	,
2434524144	,
3030598000	,
2705964097	,
2734117988	,
2733760400	,
2623309884	,
2434528560	,
2445380311	,
2938511944	,
2434919137	,
3049672824	,
2993058840	,
2434057707	,
2472945708	,
3160864468	,
2844096959	,
2955254015	,
2435054792	,
2434762382	,
2681223124	,
2684427368	,
2224797384	,
2224685974	,
2445383377	,
2231881494	,
2434657102	,
2734022051	,
2434916240	,
2434921835	,
2434653190	,
3078457245	,
2846780390	,
2434528114	,
3266241806	,
2329736026	,
2451406214	,
2434649616	,
2453291494	,
3146192798	,
2463503188	,
2451609197	,
2979305785	,
2733831509	,
2224789707	,
2445377951	,
2434070310	,
2434921269	,
2003433249	,
2451611584	,
2630481415	,
833565632	,
2846896836	,
2733910805	,
2497358091	,
2463241035	,
2317437268	,
2434764034	,
2522576232	,
2317435686	,
2618713572	,
2003441606	,
3135007847	,
3034342783	,
2329735131	,
2733765377	,
2979301838	,
2434508385	,
3164689889	,
2434931616	,
2434532677	,
2586557811	,
3022830058	,
2434518215	,
3015230795	,
2459767449	,
3179011780	,
3267726784	,
3019136783	,
2005519217	,
2434921002	,
2608191819	,
2450716857	,
2734206064	,
2435045590	,
2733782329	,
3034734205	,
3281642786	,
3085097812	,
2434060206	,
2434769415	,
2434765762	,
3135374786	,
2722051042	,
2224808534	,
2622161305	,
2504401113	,
2999275785	,
2434519432	,
2434530453	,
2733901891	,
3160886145	,
2930501737	,
2224748300	,
2434780788	,
2494972658	,
2434533263	,
2820827175	,
2881192109	,
2647591086	,
2434637241	,
3166117565	,
3030460803	,
2005505832	,
2645671016	,
2733881048	,
2329735561	,
2688503695	,
3260967786	,
2629798987	,
2992615823	,
2410639263	,
2075681189	,
2224784748	,
2003431405	,
2434930279	,
2900915834	,
2434062626	,
3036292810	,
2434514053	,
2434780089	,
3053838812	,
2434058333	,
2719795842	,
2005507762	,
3179006802	,
2734115590	,
2434776224	,
2938620676	,
2914694874	,
2963017793	,
2535858648	,
2878990800	,
2434068504	,
2434934880	,
2450205876	,
3134916151	,
2980632801	,
3034819781	,
3032533779	,
2435033110	,
2954097907	,
2988243078	,
2733863695	,
2733794427	,
2488756654	,
2434076976	,
2733753845	,
2481376877	,
2434934095	,
3052075043	,
2988265792	,
2500041930	,
2434630562	,
2434626734	,
2821215739	,
3206048800	,
3143452809	,
3190117709	,
2988242847	,
3183537803	,
2435054128	,
2616928933	,
3173914999	,
2224809030	,
2734020524	,
2867054914	,
2317435387	,
2860823048	,
2973154006	,
2449621967	,
3051552054	,
2583203019	,
2434783973	,
2719417607	,
2616391282	,
2434774351	,
2005509313	,
2434644922	,
2434775570	,
2434069273	,
3135374787	,
2434052170	,
3058226528	,
2455864061	,
3081906853	,
2961307049	,
2979570389	,
2979365607	,
3314626787	,
2224800407	,
3088100826	,
3166994780	,
2434620924	,
3085243779	,
2838273821	,
2077198663	,
3201217800	,
2224802188	,
3059416780	,
2633349955	,
2434657381	,
2733840174	,
2224810567	,
2565084489	,
2860762782	,
2881087718	,
2434069668	,
3099129231	,
727392446	,
2958550819	,
3154838922	,
2434931240	,
2718942986	,
2434056588	,
2434515770	,
2734199805	,
2973129006	,
2613797790	,
2457405168	,
3118981790	,
2460716108	,
3051667721	,
2434623620	,
2434919170	,
2434655434	,
2820866200	,
2434765129	,
2434071161	,
2224746133	,
2476489526	,
2883842792	,
2979160983	,
2734050507	,
2224786493	,
2733733208	,
2445442831	,
3012457777	,
3034819812	,
2957118782	,
2435054381	,
2701828046	,
2434523638	,
2434932845	,
3043571135	,
3049390827	,
2821078406	,
2974301819	,
2434771834	,
2434762167	,
2491082688	,
2733926153	,
2538670492	,
3003541868	,
2733904429	,
2679614152	,
2224685924	,
3019136848	,
2733750425	,
2434765932	,
2988704815	,
2711927952	,
2731854781	,
2445450912	,
2733871086	,
2434518954	,
2434641537	,
2434775383	,
2538564645	,
2434775265	,
2913097874	,
2848547032	,
2965201789	,
3079250797	,
3183238290	,
2224691574	,
2716527627	,
2457820498	,
2005503709	,
2915641756	,
2224745714	,
3024628795	,
2224691887	,
2224786883	,
3298024342	,
2978675780	,
2734217924	,
2329736930	,
2434067199	,
2820627773	,
2704100189	,
3100701833	,
2481377899	,
2734177241	,
2576510890	,
2853673177	,
2690539693	,
2434779417	,
2820797187	,
2734209683	,
2734090281	,
2982361789	,
3029101295	,
2497358164	,
3299067056	,
2450615525	,
2434780583	,
2434627386	,
2317436334	,
2434924046	,
2329737690	,
2434917689	,
2933534804	,
2451607162	,
2233826317	,
2853668094	,
2434072880	,
2434074302	,
2708311783	,
2734119390	,
2224747650	,
3162695805	,
2224793607	,
2434525983	,
2317436087	,
2628333699	,
2878172817	,
2005506853	,
3039852780	,
2299429568	,
2434650583	,
3145941783	,
2971464293	,
3243445786	,
3050007805	,
2449621588	,
3286493791	,
3015026822	,
2299429566	,
2723749608	,
2734272014	,
2918185839	,
2733922102	,
2434762613	,
2445435461	,
2978645389	,
3030755042	,
2692221055	,
2491081368	,
3044788315	,
2224809964	,
2434515826	,
3189360821	,
2434073096	,
3013231792	,
2434929540	,
2984088924	,
2733887859	,
2231881492	,
2005506671	,
2988251817	,
2434075347	,
2224685546	,
2971028815	,
3087532787	

)